0 174 172
1 53 18
0 182 80
1 127 180
0 81 67
1 146 150
0 123 126
0 16 42
0 9 137
1 161 30
0 151 198
1 163 12
1 103 52
1 34 174
1 30 77
1 13 85
0 85 72
0 102 34
1 162 131
1 189 146
1 42 150
1 132 158
0 9 104
1 9 181
0 165 54
0 176 91
1 39 81
1 90 101
1 58 34
0 198 76
1 175 32
0 33 7
1 51 146
1 158 114
0 160 188
1 133 163
0 104 115
1 84 116
0 150 156
0 114 3
1 45 197
1 102 155
0 77 67
0 149 0
0 136 130
0 107 145
0 162 86
0 22 3
1 10 180
0 125 18
1 11 199
1 52 130
1 57 27
1 21 55
0 62 63
0 22 132
1 197 147
0 101 145
0 112 35
0 56 182
0 100 22
0 88 68
0 89 190
1 152 119
0 46 33
0 50 180
1 85 133
1 150 149
1 134 97
0 35 140
0 65 153
1 180 44
1 137 96
0 142 21
1 129 95
1 74 27
0 50 167
0 92 182
1 96 31
1 60 147
0 18 1
1 108 181
0 113 29
1 75 29
0 129 37
0 175 92
1 98 113
1 127 185
1 77 38
1 10 199
1 184 118
1 178 11
1 99 18
1 74 109
1 130 181
0 146 2
1 124 90
0 16 115
0 97 152
0 59 188
1 52 6
1 162 107
0 40 33
0 190 54
1 104 179
0 170 79
1 64 132
1 154 146
0 63 62
1 161 114
1 15 95
0 81 64
1 69 146
1 129 74
0 156 95
1 199 134
1 105 168
1 55 8
0 127 119
0 183 157
0 66 158
1 111 88
1 161 19
0 165 177
0 185 198
1 92 0
0 111 30
1 110 89
0 108 116
0 8 34
1 170 28
1 160 124
1 170 141
1 11 62
1 150 28
1 75 121
1 181 141
1 15 161
1 30 69
0 45 5
0 176 76
0 46 114
1 126 70
0 46 23
0 175 190
0 83 165
1 46 157
0 81 158
1 138 175
0 173 78
0 64 166
1 4 184
0 85 167
0 25 35
1 170 112
0 71 166
0 117 37
0 81 193
1 182 6
1 26 154
0 90 178
0 152 85
0 186 79
1 61 120
1 163 148
0 137 108
0 136 42
1 145 90
0 152 70
0 167 62
0 190 96
1 128 197
0 13 27
1 117 166
0 175 170
0 189 168
1 0 183
1 21 179
0 70 177
0 139 108
1 195 7
0 134 143
1 143 93
1 80 25
1 160 129
0 114 6
0 151 192
0 78 167
0 196 150
0 134 0
0 104 122
0 86 179
1 86 136
1 91 2
1 148 50
0 50 84
1 28 160
1 84 143
1 196 125
1 180 31
1 187 22
0 109 29
1 65 34
0 104 39
1 85 0
1 55 3
1 105 173
1 106 180
1 125 181
0 44 132
0 101 38
1 60 125
0 188 177
1 182 15
0 134 8
1 99 23
1 98 35
0 68 59
1 3 196
0 185 165
0 154 196
0 94 199
1 133 67
1 5 81
0 123 110
0 18 11
0 2 7
1 103 192
1 70 18
1 189 30
0 13 22
0 136 4
0 94 71
1 98 23
1 191 8
1 199 45
0 5 4
0 116 40
1 44 178
0 106 43
1 177 116
1 33 156
0 89 59
0 198 172
1 135 191
0 23 118
1 97 46
0 34 27
0 91 177
1 101 194
0 19 44
1 46 174
1 196 144
0 153 61
1 120 55
0 171 73
1 54 14
1 23 98
0 41 142
1 43 95
1 37 71
1 177 147
0 138 117
1 135 95
0 169 156
1 138 163
1 141 50
1 85 46
1 182 142
0 47 144
0 63 163
0 15 149
1 137 153
0 61 186
0 151 91
0 160 72
0 159 183
0 186 69
0 52 50
0 61 178
0 6 114
1 98 25
1 58 123
0 159 176
1 150 32
0 178 179
1 131 50
1 4 97
1 2 78
0 172 194
0 48 143
0 40 101
1 150 142
1 187 11
0 175 197
0 119 149
0 125 25
1 116 98
1 5 196
1 108 169
0 164 192
1 69 110
1 124 69
1 101 197
1 130 97
0 76 161
0 62 69
0 90 81
0 62 81
0 114 120
1 152 11
0 68 196
1 12 196
1 10 184
1 28 173
0 163 179
1 189 114
1 159 24
1 168 26
0 191 194
0 132 19
1 17 170
0 31 145
0 83 162
0 4 32
0 7 143
0 3 111
0 130 8
1 124 192
1 9 59
0 38 28
0 89 185
0 78 170
0 162 98
1 191 132
1 9 68
1 39 60
1 54 3
0 100 100
0 101 142
1 168 124
0 52 162
0 170 90
0 181 71
1 62 147
1 199 14
1 145 51
0 52 63
0 158 90
0 113 128
1 44 58
1 91 110
1 130 99
0 76 154
0 174 72
1 135 82
0 83 98
0 177 185
1 65 142
1 8 91
1 186 44
0 104 121
1 98 27
1 65 15
1 67 20
0 90 160
0 74 84
1 106 81
1 144 164
0 174 185
0 8 24
0 112 139
1 26 198
0 179 65
1 94 11
0 89 96
1 178 130
0 39 113
0 142 110
0 137 21
1 152 42
0 186 169
1 28 181
1 83 142
0 62 174
1 3 54
0 19 25
0 146 23
1 180 40
1 85 118
0 155 65
0 167 85
1 189 40
1 53 143
0 33 101
0 57 61
1 144 54
1 107 186
1 163 143
0 88 69
0 82 172
1 172 118
0 1 9
0 109 121
1 151 34
1 95 21
0 199 168
1 130 165
0 134 135
0 141 130
1 67 37
0 87 178
0 128 100
0 96 169
0 171 71
0 190 75
1 99 25
0 190 97
0 136 149
0 80 66
1 76 17
1 92 15
1 48 152
0 66 58
0 146 109
0 81 54
0 123 120
1 90 15
1 188 41
0 87 64
0 178 85
1 71 14
1 59 33
0 179 95
1 180 136
1 11 68
1 75 117
1 180 105
0 141 35
1 10 53
1 121 86
1 9 73
1 97 32
0 49 37
0 105 43
1 69 103
0 40 112
1 5 68
1 60 2
1 177 13
1 85 135
0 136 19
0 69 79
1 133 88
0 2 128
0 15 39
1 14 192
0 125 49
0 106 5
0 3 34
0 13 114
1 84 141
1 74 49
1 72 149
1 64 37
0 55 185
0 84 168
0 140 105
0 35 141
0 26 4
0 150 159
0 157 178
1 35 78
0 47 42
0 7 15
1 141 71
0 116 146
0 47 129
0 146 141
1 176 149
1 24 192
1 32 77
1 113 169
1 94 22
1 166 115
1 115 98
0 110 12
0 181 59
0 41 148
1 16 68
0 184 94
1 55 13
1 101 160
1 59 143
0 128 113
0 165 198
1 115 79
0 12 132
0 106 104
0 151 171
0 38 137
1 56 114
1 109 150
0 74 166
0 104 106
1 116 166
1 15 88
1 21 53
0 163 96
0 162 180
0 198 153
1 188 39
1 195 8
1 111 173
0 83 62
0 161 174
1 27 71
0 193 76
1 142 83
0 69 170
1 9 195
1 127 178
1 124 185
0 111 106
0 187 72
1 52 149
1 77 105
1 103 152
1 65 32
1 183 10
0 54 174
1 39 175
1 163 125
0 178 88
1 143 82
1 79 142
1 194 127
1 164 137
0 43 39
1 157 108
1 162 140
1 32 79
0 152 166
1 74 114
0 115 142
1 113 191
1 101 186
0 109 18
0 56 75
1 171 108
1 119 164
1 184 4
1 95 144
0 30 122
1 171 127
0 148 44
0 107 28
1 74 130
1 14 77
0 90 90
1 129 55
1 118 199
0 130 16
1 92 31
0 97 87
1 73 149
1 172 124
1 38 87
1 16 163
1 49 174
0 1 28
0 48 43
1 1 191
1 75 144
1 164 136
0 115 133
0 177 81
0 74 155
0 172 160
0 148 40
1 193 121
1 156 15
1 44 185
1 23 94
1 127 193
0 193 179
1 131 73
0 2 124
1 8 58
1 22 164
1 131 179
0 127 8
0 152 181
0 24 11
0 24 146
0 26 131
1 196 136
0 117 112
0 65 169
0 13 100
0 166 87
0 66 199
1 61 144
1 168 29
1 142 93
1 26 81
0 84 164
1 120 175
0 100 38
0 56 174
1 69 16
0 94 160
0 12 40
1 114 152
0 118 5
1 140 184
1 107 182
0 49 129
1 143 58
0 115 41
0 71 94
0 74 89
1 42 99
1 24 76
0 99 51
0 67 196
0 51 158
1 95 37
0 185 59
0 116 128
0 108 138
0 151 197
0 183 78
1 170 33
0 120 28
1 126 172
0 197 66
0 4 43
1 46 198
1 98 105
0 61 168
1 116 165
0 192 65
0 74 159
1 30 168
0 110 121
1 14 194
0 138 101
1 160 1
1 158 4
0 53 192
0 31 146
0 32 143
1 96 42
0 56 172
1 131 195
0 164 189
0 107 132
0 27 33
1 149 99
1 24 61
0 136 123
1 101 98
1 7 190
1 107 157
0 22 127
0 134 113
1 104 74
0 27 120
0 181 63
0 2 29
0 88 89
0 97 79
0 194 96
1 163 0
0 127 48
0 105 18
0 177 195
0 66 150
0 65 70
0 136 0
0 119 143
0 97 166
1 168 144
1 16 186
1 153 140
0 100 140
1 181 127
0 61 72
0 128 125
0 131 27
1 85 134
0 64 98
0 33 126
0 93 75
1 172 7
1 56 4
0 27 39
1 76 132
1 83 125
0 9 103
1 79 112
0 172 165
1 106 183
1 74 9
0 135 16
0 34 31
1 179 28
0 113 12
1 100 182
0 44 148
1 49 63
0 20 126
1 142 65
0 18 8
1 37 63
1 96 6
0 119 100
0 18 41
0 157 79
1 47 76
1 150 19
0 43 14
0 112 125
1 183 145
1 136 90
0 84 183
1 40 150
0 164 81
0 161 65
1 123 76
0 173 184
0 40 28
0 95 92
0 80 168
0 114 38
0 31 109
1 115 150
0 94 67
0 144 122
1 15 183
1 139 166
0 193 186
1 36 60
0 81 82
0 11 46
1 73 124
0 177 89
0 130 146
1 92 116
1 135 169
0 178 173
1 42 185
0 178 185
1 90 149
1 115 76
0 175 83
0 66 82
0 80 157
1 136 199
1 190 109
0 53 193
0 177 178
1 86 2
0 134 111
1 92 17
0 117 113
0 49 112
0 186 84
0 61 86
0 64 97
1 126 51
0 55 73
0 101 107
1 7 184
0 67 70
1 174 32
1 185 24
0 198 168
0 120 44
0 176 191
0 109 135
1 99 29
1 67 141
0 136 17
0 15 106
0 43 25
0 3 101
0 95 65
0 180 175
1 193 11
0 149 8
0 158 154
0 79 64
0 83 171
1 50 22
0 196 178
1 132 84
0 37 107
0 58 65
1 197 132
0 163 159
0 113 139
0 98 90
1 170 144
0 181 160
1 73 123
0 156 169
0 179 179
1 140 73
1 77 13
0 156 171
1 50 9
1 176 44
0 24 114
1 186 27
1 192 101
1 67 140
1 189 129
1 87 16
0 48 115
0 182 191
1 36 76
0 6 120
0 62 57
0 119 48
1 56 143
0 58 85
1 52 133
1 94 1
0 117 101
0 50 66
1 57 11
1 30 91
0 149 107
1 28 156
1 12 53
1 22 81
1 184 125
1 191 33
1 163 105
0 61 189
0 148 5
1 13 165
0 38 34
1 172 120
0 199 194
1 30 186
1 40 60
1 189 124
1 118 153
0 88 177
1 172 116
1 154 30
0 94 98
0 34 24
0 74 79
0 93 60
1 127 162
0 45 44
0 10 13
1 177 29
0 103 5
1 41 55
1 126 187
1 131 162
1 53 109
0 149 19
0 115 138
1 44 192
1 112 175
0 177 79
0 192 198
0 125 142
0 16 114
1 165 119
0 125 136
1 47 50
0 5 30
1 115 62
1 165 5
0 94 158
1 87 29
1 119 86
1 189 7
0 122 4
1 194 115
0 141 0
0 15 115
0 121 129
0 25 129
0 99 159
0 90 51
0 66 185
1 25 196
1 21 64
1 119 94
0 175 166
1 164 38
0 87 192
1 114 83
1 157 37
0 13 135
1 130 197
1 123 156
0 139 22
1 177 49
1 128 188
1 54 135
1 143 54
1 22 196
0 142 115
0 62 191
0 12 4
0 64 170
1 57 107
1 153 5
0 79 86
1 178 37
1 140 50
1 105 165
1 77 46
1 30 152
1 172 101
1 103 194
1 51 16
1 91 46
0 79 161
0 188 170
0 56 85
1 167 104
1 103 53
0 14 122
1 34 52
1 137 80
1 120 63
0 12 101
0 66 69
0 174 199
0 155 157
1 89 16
0 117 115
1 17 199
0 101 21
0 181 86
0 75 57
0 54 77
0 61 173
1 53 144
1 194 128
1 166 139
0 131 142
0 24 131
1 138 91
0 35 136
1 75 148
0 30 138
1 114 98
1 64 119
0 87 174
1 82 3
0 167 173
0 62 94
1 1 76
1 39 179
1 183 108
1 13 178
0 105 48
1 158 108
1 168 136
1 195 15
0 75 75
0 186 85
0 96 87
0 57 162
0 61 193
1 151 116
0 118 136
1 115 88
1 145 95
0 85 76
0 47 31
0 170 177
1 24 168
1 83 118
0 46 125
0 55 58
0 198 167
0 110 45
0 142 33
1 80 21
1 78 19
1 143 66
0 79 96
0 84 61
0 126 25
1 93 25
0 190 60
0 84 184
0 62 162
